0.000000e+00 0.000000e+00 0.000000e+00 0.000000e+00 0.000000e+00 0.000000e+00 -5.235988e-01 -1.047198e+00 0.000000e+00 0.000000e+00 0.000000e+00 0.000000e+00 0.000000e+00 0.000000e+00 0.000000e+00 0.000000e+00 0.000000e+00 0.000000e+00 0.000000e+00 
-7.931196e-08 -4.308520e-09 -1.334044e-08 5.051499e-07 5.290397e-08 4.814657e-07 -5.235971e-01 -1.047195e+00 1.291864e-06 -2.379279e-06 -1.292505e-07 -4.002018e-07 1.515400e-05 1.587060e-06 1.444351e-05 5.167288e-05 6.459110e-05 3.875466e-05 -6.540112e-08 
-6.342779e-07 -3.444918e-08 -1.067224e-07 4.040142e-06 4.230245e-07 3.850948e-06 -5.235850e-01 -1.047180e+00 1.033339e-05 -9.514614e-06 -5.167853e-07 -1.600607e-06 6.060178e-05 6.345985e-06 5.776161e-05 2.066405e-04 2.583006e-04 1.549804e-04 -1.040778e-06 
-2.140444e-06 -1.162629e-07 -3.601009e-07 1.363350e-05 1.427630e-06 1.299478e-05 -5.235523e-01 -1.047139e+00 3.486657e-05 -2.139868e-05 -1.162064e-06 -3.600375e-06 1.362997e-04 1.427084e-05 1.299147e-04 4.647500e-04 5.809375e-04 3.485625e-04 -5.286289e-06 
-5.072089e-06 -2.754557e-07 -8.533881e-07 3.230697e-05 3.382669e-06 3.079365e-05 -5.234886e-01 -1.047060e+00 8.261814e-05 -3.801861e-05 -2.063812e-06 -6.398923e-06 2.421780e-04 2.534886e-05 2.308447e-04 8.257465e-04 1.032183e-03 6.193099e-04 -1.670532e-05 
-9.901617e-06 -5.375240e-07 -1.666499e-06 6.307286e-05 6.602042e-06 6.012103e-05 -5.233837e-01 -1.046929e+00 1.612919e-04 -5.935567e-05 -3.219811e-06 -9.996395e-06 3.781427e-04 3.955879e-05 3.604790e-04 1.289274e-03 1.611592e-03 9.669555e-04 -4.072065e-05 
-1.709956e-05 -9.277551e-07 -2.879353e-06 1.089341e-04 1.139760e-05 1.038432e-04 -5.232274e-01 -1.046733e+00 2.785612e-04 -8.538522e-05 -4.626894e-06 -1.439366e-05 5.440755e-04 5.687089e-05 5.187310e-04 1.854875e-03 2.318593e-03 1.391156e-03 -8.427452e-05 
-2.713178e-05 -1.470700e-06 -4.572752e-06 1.728780e-04 1.807466e-05 1.648213e-04 -5.230094e-01 -1.046461e+00 4.420611e-04 -1.160757e-04 -6.280363e-06 -1.959359e-05 7.398384e-04 7.724299e-05 7.055126e-04 2.521991e-03 3.152488e-03 1.891493e-03 -1.555923e-04 
-4.046379e-05 -2.191092e-06 -6.826558e-06 2.578816e-04 2.693958e-05 2.459011e-04 -5.227196e-01 -1.046099e+00 6.593813e-04 -1.513897e-04 -8.174643e-06 -2.559967e-05 9.652691e-04 1.006241e-04 9.207194e-04 3.289964e-03 4.112455e-03 2.467473e-03 -2.646327e-04 
-5.755880e-05 -3.113296e-06 -9.720507e-06 3.669078e-04 3.829539e-05 3.499148e-04 -5.223480e-01 -1.045634e+00 9.380582e-04 -1.912838e-04 -1.030291e-05 -3.241674e-05 1.220184e-03 1.269521e-04 1.164239e-03 4.158036e-03 5.197544e-03 3.118527e-03 -4.229128e-04 
-7.887287e-05 -4.260293e-06 -1.333596e-05 5.028965e-04 5.243329e-05 4.796875e-04 -5.218847e-01 -1.045055e+00 1.285568e-03 -2.357062e-04 -1.265618e-05 -4.005310e-05 1.504384e-03 1.561477e-04 1.435971e-03 5.125350e-03 6.406687e-03 3.844012e-03 -6.430626e-04 
-1.048549e-04 -5.653686e-06 -1.775592e-05 6.687639e-04 6.963264e-05 6.380375e-04 -5.213197e-01 -1.044349e+00 1.709318e-03 -2.845974e-04 -1.522328e-05 -4.852047e-05 1.817657e-03 1.881142e-04 1.735827e-03 6.190951e-03 7.738689e-03 4.643214e-03 -9.388253e-04 
-1.359467e-04 -7.313691e-06 -2.306501e-05 8.674029e-04 9.016097e-05 8.277761e-04 -5.206433e-01 -1.043503e+00 2.216641e-03 -3.378896e-04 -1.799086e-05 -5.783401e-05 2.159777e-03 2.227382e-04 2.063731e-03 7.353789e-03 9.192237e-03 5.515342e-03 -1.325057e-03 
-1.725827e-04 -9.259144e-06 -2.934948e-05 1.101683e-03 1.142740e-04 1.051708e-03 -5.198457e-01 -1.042506e+00 2.814789e-03 -3.955071e-04 -2.094341e-05 -6.801230e-05 2.530504e-03 2.598888e-04 2.419621e-03 8.612715e-03 1.076589e-02 6.459537e-03 -1.817729e-03 
-2.151906e-04 -1.150750e-05 -3.669722e-05 1.374451e-03 1.422156e-04 1.312629e-03 -5.189175e-01 -1.041346e+00 3.510920e-03 -4.573663e-04 -2.406322e-05 -7.907736e-05 2.929582e-03 2.994179e-04 2.803445e-03 9.966488e-03 1.245811e-02 7.474866e-03 -2.433922e-03 
-2.641905e-04 -1.407482e-05 -4.519775e-05 1.688529e-03 1.742178e-04 1.613332e-03 -5.178493e-01 -1.040011e+00 4.312100e-03 -5.233754e-04 -2.733043e-05 -9.105466e-05 3.356743e-03 3.411605e-04 3.215164e-03 1.141377e-02 1.426721e-02 8.560328e-03 -3.191833e-03 
-3.199956e-04 -1.697581e-05 -5.494220e-05 2.046718e-03 2.105009e-04 1.956599e-03 -5.166317e-01 -1.038489e+00 5.225288e-03 -5.934346e-04 -3.072300e-05 -1.039731e-04 3.811704e-03 3.849343e-04 3.654752e-03 1.295313e-02 1.619142e-02 9.714851e-03 -4.110772e-03 
-3.830054e-04 -2.022177e-05 -6.602641e-05 2.451782e-03 2.512589e-04 2.345218e-03 -5.152557e-01 -1.036769e+00 6.257334e-03 -6.674344e-04 -3.421596e-05 -1.178664e-04 4.294171e-03 4.305381e-04 4.122211e-03 1.458306e-02 1.822883e-02 1.093730e-02 -5.210477e-03 
-4.536073e-04 -2.382100e-05 -7.855017e-05 2.906455e-03 2.966604e-04 2.781978e-03 -5.137121e-01 -1.034839e+00 7.414971e-03 -7.452559e-04 -3.778123e-05 -1.327740e-04 4.803844e-03 4.777468e-04 4.617576e-03 1.630194e-02 2.037743e-02 1.222646e-02 -6.511378e-03 
-5.321790e-04 -2.777960e-05 -9.261639e-05 3.413445e-03 3.468555e-04 3.269667e-03 -5.119924e-01 -1.032690e+00 8.704807e-03 -8.267714e-04 -4.138829e-05 -1.487393e-04 5.340411e-03 5.263175e-04 5.140902e-03 1.810808e-02 2.263510e-02 1.358106e-02 -8.034710e-03 
-6.190827e-04 -3.209993e-05 -1.083334e-04 3.975426e-03 4.019666e-04 3.811086e-03 -5.100877e-01 -1.030309e+00 1.013332e-02 -9.118433e-04 -4.500377e-05 -1.658101e-04 5.903546e-03 5.759917e-04 5.692270e-03 1.999969e-02 2.499962e-02 1.499977e-02 -9.801923e-03 
-7.146654e-04 -3.678060e-05 -1.258151e-04 4.595034e-03 4.620879e-04 4.409048e-03 -5.079896e-01 -1.027686e+00 1.170685e-02 -1.000324e-03 -4.859147e-05 -1.840392e-04 6.492908e-03 6.264955e-04 6.271787e-03 2.197492e-02 2.746864e-02 1.648119e-02 -1.183469e-02 
-8.192587e-04 -4.181655e-05 -1.451807e-04 5.274874e-03 5.272863e-04 5.066379e-03 -5.056900e-01 -1.024812e+00 1.343160e-02 -1.092056e-03 -5.211237e-05 -2.034837e-04 7.108143e-03 6.775396e-04 6.879587e-03 2.403180e-02 3.003975e-02 1.802385e-02 -1.415489e-02 
-9.331790e-04 -4.719895e-05 -1.665550e-04 6.017513e-03 5.976002e-04 5.785915e-03 -5.031806e-01 -1.021675e+00 1.531361e-02 -1.186872e-03 -5.552462e-05 -2.242055e-04 7.748883e-03 7.288192e-04 7.515831e-03 2.616831e-02 3.271038e-02 1.962623e-02 -1.678463e-02 
-1.056727e-03 -5.291526e-05 -1.900682e-04 6.825485e-03 6.730406e-04 6.570507e-03 -5.004537e-01 -1.018266e+00 1.735878e-02 -1.284595e-03 -5.878356e-05 -2.462709e-04 8.414748e-03 7.800139e-04 8.180706e-03 2.838234e-02 3.547792e-02 2.128675e-02 -1.974623e-02 
-1.190186e-03 -5.894819e-05 -2.158574e-04 7.701280e-03 7.535877e-04 7.423023e-03 -4.975016e-01 -1.014576e+00 1.957285e-02 -1.385036e-03 -6.184185e-05 -2.697503e-04 9.105332e-03 8.307971e-04 8.874421e-03 3.067171e-02 3.833963e-02 2.300378e-02 -2.306175e-02 
-1.333815e-03 -6.527485e-05 -2.440683e-04 8.647350e-03 8.391809e-04 8.346363e-03 -4.943170e-01 -1.010595e+00 2.196137e-02 -1.487998e-03 -6.464924e-05 -2.947183e-04 9.820216e-03 8.808315e-04 9.597213e-03 3.303415e-02 4.129269e-02 2.477561e-02 -2.675290e-02 
-1.487860e-03 -7.186795e-05 -2.748533e-04 9.666111e-03 9.297241e-04 9.343446e-03 -4.908925e-01 -1.006315e+00 2.452974e-02 -1.593270e-03 -6.715249e-05 -3.212549e-04 1.055896e-02 9.297636e-04 1.034935e-02 3.546734e-02 4.433417e-02 2.660050e-02 -3.084142e-02 
-1.652541e-03 -7.869426e-05 -3.083733e-04 1.075993e-02 1.025088e-03 1.041722e-02 -4.872212e-01 -1.001726e+00 2.728318e-02 -1.700633e-03 -6.929606e-05 -3.494423e-04 1.132111e-02 9.772465e-04 1.113111e-02 3.796887e-02 4.746109e-02 2.847665e-02 -3.534825e-02 
-1.828054e-03 -8.571457e-05 -3.447981e-04 1.193111e-02 1.125112e-03 1.157066e-02 -4.832965e-01 -9.968197e-01 3.022671e-02 -1.809855e-03 -7.102207e-05 -3.793654e-04 1.210615e-02 1.022940e-03 1.194278e-02 4.053628e-02 5.067035e-02 3.040221e-02 -4.029348e-02 
-2.014571e-03 -9.288374e-05 -3.843061e-04 1.318192e-02 1.229601e-03 1.280678e-02 -4.791118e-01 -9.915889e-01 3.336520e-02 -1.920695e-03 -7.227035e-05 -4.111112e-04 1.291355e-02 1.066510e-03 1.278466e-02 4.316703e-02 5.395878e-02 3.237527e-02 -4.569639e-02 
-2.212241e-03 -1.001506e-04 -4.270842e-04 1.451456e-02 1.338327e-03 1.412861e-02 -4.746611e-01 -9.860254e-01 3.670329e-02 -2.032898e-03 -7.297840e-05 -4.447696e-04 1.374276e-02 1.107630e-03 1.365707e-02 4.585852e-02 5.732315e-02 3.439389e-02 -5.157542e-02 
-2.421185e-03 -1.074582e-04 -4.733280e-04 1.593117e-02 1.451030e-03 1.553922e-02 -4.699382e-01 -9.801218e-01 4.024543e-02 -2.146200e-03 -7.308140e-05 -4.804328e-04 1.459318e-02 1.145980e-03 1.456031e-02 4.860810e-02 6.076013e-02 3.645608e-02 -5.794820e-02 
-2.641504e-03 -1.147433e-04 -5.232420e-04 1.743387e-02 1.567419e-03 1.704171e-02 -4.649376e-01 -9.738711e-01 4.399589e-02 -2.260326e-03 -7.251224e-05 -5.181953e-04 1.546417e-02 1.181246e-03 1.549472e-02 5.141306e-02 6.426633e-02 3.855980e-02 -6.483149e-02 
-2.873265e-03 -1.219355e-04 -5.770400e-04 1.902466e-02 1.687178e-03 1.863921e-02 -4.596538e-01 -9.672664e-01 4.795871e-02 -2.374989e-03 -7.120255e-05 -5.581503e-04 1.635507e-02 1.213153e-03 1.646060e-02 5.427063e-02 6.783829e-02 4.070297e-02 -7.224040e-02 
-3.116507e-03 -1.289569e-04 -6.349470e-04 2.070550e-02 1.809948e-03 2.033488e-02 -4.540818e-01 -9.603013e-01 5.213773e-02 -2.489889e-03 -6.908179e-05 -6.003930e-04 1.726514e-02 1.241441e-03 1.745826e-02 5.717798e-02 7.147248e-02 4.288349e-02 -8.018883e-02 
-3.371240e-03 -1.357228e-04 -6.971973e-04 2.247829e-02 1.935346e-03 2.213193e-02 -4.482167e-01 -9.529699e-01 5.653658e-02 -2.604719e-03 -6.607780e-05 -6.450182e-04 1.819362e-02 1.265876e-03 1.848800e-02 6.013225e-02 7.516531e-02 4.509919e-02 -8.868926e-02 
-3.637441e-03 -1.421411e-04 -7.640337e-04 2.434483e-02 2.062978e-03 2.403357e-02 -4.420539e-01 -9.452664e-01 6.115866e-02 -2.719157e-03 -6.211764e-05 -6.921181e-04 1.913969e-02 1.286274e-03 1.955007e-02 6.313053e-02 7.891316e-02 4.734789e-02 -9.775240e-02 
-3.915052e-03 -1.481124e-04 -8.357077e-04 2.630681e-02 2.192440e-03 2.604304e-02 -4.355892e-01 -9.371856e-01 6.600718e-02 -2.832873e-03 -5.712752e-05 -7.417818e-04 2.010246e-02 1.302497e-03 2.064469e-02 6.616984e-02 8.271230e-02 4.962738e-02 -1.073871e-01 
-4.203983e-03 -1.535298e-04 -9.124796e-04 2.836586e-02 2.323317e-03 2.816361e-02 -4.288187e-01 -9.287224e-01 7.108509e-02 -2.945528e-03 -5.103288e-05 -7.940954e-04 2.108100e-02 1.314456e-03 2.177203e-02 6.924720e-02 8.655900e-02 5.193540e-02 -1.176004e-01 
-4.504110e-03 -1.582792e-04 -9.946183e-04 3.052350e-02 2.455183e-03 3.039854e-02 -4.217386e-01 -9.198723e-01 7.639514e-02 -3.056771e-03 -4.375831e-05 -8.491422e-04 2.207431e-02 1.322110e-03 2.293220e-02 7.235957e-02 9.044946e-02 5.426968e-02 -1.283975e-01 
-4.815275e-03 -1.622390e-04 -1.082401e-03 3.278117e-02 2.587604e-03 3.275114e-02 -4.143457e-01 -9.106312e-01 8.193983e-02 -3.166240e-03 -3.522761e-05 -9.070025e-04 2.308135e-02 1.325465e-03 2.412531e-02 7.550387e-02 9.437984e-02 5.662791e-02 -1.397818e-01 
-5.137284e-03 -1.652802e-04 -1.176114e-03 3.514018e-02 2.720151e-03 3.522469e-02 -4.066369e-01 -9.009952e-01 8.772144e-02 -3.273567e-03 -2.536449e-05 -9.677514e-04 2.410100e-02 1.324589e-03 2.535137e-02 7.867701e-02 9.834626e-02 5.900776e-02 -1.517546e-01 
-5.469904e-03 -1.672655e-04 -1.276047e-03 3.760173e-02 2.852414e-03 3.782247e-02 -3.986094e-01 -8.909609e-01 9.374202e-02 -3.378375e-03 -1.409330e-05 -1.031456e-03 2.513208e-02 1.319634e-03 2.661030e-02 8.187585e-02 1.023448e-01 6.140689e-02 -1.643150e-01 
-5.812862e-03 -1.680500e-04 -1.382503e-03 4.016692e-02 2.983972e-03 4.054781e-02 -3.902609e-01 -8.805253e-01 1.000034e-01 -3.480275e-03 -1.337736e-06 -1.098179e-03 2.617336e-02 1.310810e-03 2.790198e-02 8.509723e-02 1.063715e-01 6.382292e-02 -1.774596e-01 
-6.165850e-03 -1.674812e-04 -1.495787e-03 4.283671e-02 3.114448e-03 4.340397e-02 -3.815893e-01 -8.696857e-01 1.065071e-01 -3.578874e-03 1.297721e-05 -1.167975e-03 2.722353e-02 1.298408e-03 2.922615e-02 8.833798e-02 1.104225e-01 6.625348e-02 -1.911831e-01 
-6.528516e-03 -1.653996e-04 -1.616206e-03 4.561191e-02 3.243513e-03 4.639417e-02 -3.725928e-01 -8.584401e-01 1.132545e-01 -3.673776e-03 2.892517e-05 -1.240887e-03 2.828124e-02 1.282805e-03 3.058246e-02 9.159489e-02 1.144936e-01 6.869617e-02 -2.054776e-01 
-6.900470e-03 -1.616386e-04 -1.744073e-03 4.849319e-02 3.370881e-03 4.952157e-02 -3.632699e-01 -8.467865e-01 1.202466e-01 -3.764580e-03 4.657842e-05 -1.316949e-03 2.934506e-02 1.264461e-03 3.197042e-02 9.486476e-02 1.185809e-01 7.114857e-02 -2.203329e-01 
-7.281282e-03 -1.560243e-04 -1.879703e-03 5.148108e-02 3.496316e-03 5.278930e-02 -3.536195e-01 -8.347235e-01 1.274844e-01 -3.850878e-03 6.600786e-05 -1.396186e-03 3.041353e-02 1.243919e-03 3.338942e-02 9.814435e-02 1.226804e-01 7.360826e-02 -2.357366e-01 
-7.670480e-03 -1.483755e-04 -2.023415e-03 5.457598e-02 3.619625e-03 5.620044e-02 -3.436408e-01 -8.222501e-01 1.349685e-01 -3.932263e-03 8.728299e-05 -1.478611e-03 3.148512e-02 1.221806e-03 3.483872e-02 1.014304e-01 1.267880e-01 7.607282e-02 -2.516737e-01 
-8.067555e-03 -1.385041e-04 -2.175529e-03 5.777814e-02 3.740668e-03 5.975799e-02 -3.333333e-01 -8.093657e-01 1.426991e-01 -4.008319e-03 1.104718e-04 -1.564230e-03 3.255824e-02 1.198832e-03 3.631749e-02 1.047198e-01 1.308997e-01 7.853982e-02 -2.681270e-01 
-8.471954e-03 -1.262160e-04 -2.336364e-03 6.108762e-02 3.859408e-03 6.346484e-02 -3.226969e-01 -7.960702e-01 1.506764e-01 -4.078638e-03 1.356385e-04 -1.653032e-03 3.363128e-02 1.175795e-03 3.782467e-02 1.080091e-01 1.350114e-01 8.100681e-02 -2.850772e-01 
-8.883080e-03 -1.113093e-04 -2.506238e-03 6.450434e-02 3.975872e-03 6.732380e-02 -3.117316e-01 -7.823636e-01 1.589004e-01 -4.142809e-03 1.628457e-04 -1.744993e-03 3.470256e-02 1.153595e-03 3.935907e-02 1.112952e-01 1.391190e-01 8.347137e-02 -3.025020e-01 
-9.300297e-03 -9.357675e-05 -2.685467e-03 6.802802e-02 4.090186e-03 7.133753e-02 -3.004381e-01 -7.682467e-01 1.673705e-01 -4.200423e-03 1.921526e-04 -1.840077e-03 3.577038e-02 1.133208e-03 4.091933e-02 1.145748e-01 1.432184e-01 8.593107e-02 -3.203773e-01 
-9.722931e-03 -7.280583e-05 -2.874360e-03 7.165824e-02 4.202589e-03 7.550853e-02 -2.888170e-01 -7.537203e-01 1.760863e-01 -4.251082e-03 2.236141e-04 -1.938233e-03 3.683303e-02 1.115679e-03 4.250389e-02 1.178446e-01 1.473058e-01 8.838347e-02 -3.386770e-01 
-1.015027e-02 -4.877911e-05 -3.073219e-03 7.539440e-02 4.313432e-03 7.983912e-02 -2.768696e-01 -7.387860e-01 1.850469e-01 -4.294395e-03 2.572811e-04 -2.039394e-03 3.788876e-02 1.102123e-03 4.411100e-02 1.211015e-01 1.513769e-01 9.082615e-02 -3.573727e-01 
-1.058155e-02 -2.127405e-05 -3.282338e-03 7.923571e-02 4.423177e-03 8.433143e-02 -2.645972e-01 -7.234456e-01 1.942512e-01 -4.329978e-03 2.932006e-04 -2.143480e-03 3.893584e-02 1.093723e-03 4.573872e-02 1.243423e-01 1.554279e-01 9.325671e-02 -3.764343e-01 
-1.101599e-02 9.936946e-06 -3.502006e-03 8.318122e-02 4.532398e-03 8.898744e-02 -2.520018e-01 -7.077013e-01 2.036978e-01 -4.357457e-03 3.314152e-04 -2.250393e-03 3.997249e-02 1.091734e-03 4.738492e-02 1.275637e-01 1.594546e-01 9.567275e-02 -3.958295e-01 
-1.145276e-02 4.508578e-05 -3.732504e-03 8.722980e-02 4.641789e-03 9.380891e-02 -2.390852e-01 -6.915556e-01 2.133851e-01 -4.376466e-03 3.719632e-04 -2.360023e-03 4.099695e-02 1.097462e-03 4.904729e-02 1.307625e-01 1.634531e-01 9.807187e-02 -4.155242e-01 
-1.189100e-02 8.440673e-05 -3.974094e-03 9.138016e-02 4.752191e-03 9.879731e-02 -2.258501e-01 -6.750117e-01 2.233115e-01 -4.386663e-03 4.148762e-04 -2.472242e-03 4.200748e-02 1.112234e-03 5.072327e-02 1.339356e-01 1.674195e-01 1.004517e-01 -4.354830e-01 
-1.232979e-02 1.281393e-04 -4.227031e-03 9.563079e-02 4.864583e-03 1.039539e-01 -2.122991e-01 -6.580729e-01 2.334748e-01 -4.387713e-03 4.601814e-04 -2.586904e-03 4.300234e-02 1.137455e-03 5.241011e-02 1.370799e-01 1.713499e-01 1.028100e-01 -4.556685e-01 
-1.276822e-02 1.765242e-04 -4.491553e-03 9.998004e-02 4.980081e-03 1.092796e-01 -1.984352e-01 -6.407431e-01 2.438727e-01 -4.379304e-03 5.078991e-04 -2.703851e-03 4.397982e-02 1.174515e-03 5.410484e-02 1.401923e-01 1.752404e-01 1.051442e-01 -4.760423e-01 
-1.320532e-02 2.298025e-04 -4.767877e-03 1.044261e-01 5.099935e-03 1.147751e-01 -1.842618e-01 -6.230263e-01 2.545027e-01 -4.361150e-03 5.580426e-04 -2.822906e-03 4.493828e-02 1.224782e-03 5.580431e-02 1.432697e-01 1.790871e-01 1.074523e-01 -4.965652e-01 
-1.364011e-02 2.882162e-04 -5.056203e-03 1.089670e-01 5.225529e-03 1.204406e-01 -1.697825e-01 -6.049272e-01 2.653622e-01 -4.332987e-03 6.106177e-04 -2.943879e-03 4.587611e-02 1.289601e-03 5.750517e-02 1.463090e-01 1.828862e-01 1.097317e-01 -5.171970e-01 
-1.407158e-02 3.520077e-04 -5.356711e-03 1.136006e-01 5.358384e-03 1.262761e-01 -1.550014e-01 -5.864508e-01 2.764481e-01 -4.294579e-03 6.656233e-04 -3.066562e-03 4.679176e-02 1.370294e-03 5.920388e-02 1.493073e-01 1.866341e-01 1.119804e-01 -5.378968e-01 
-1.449868e-02 4.214202e-04 -5.669562e-03 1.183246e-01 5.500153e-03 1.322811e-01 -1.399225e-01 -5.676023e-01 2.877572e-01 -4.245710e-03 7.230510e-04 -3.190734e-03 4.768372e-02 1.468160e-03 6.089667e-02 1.522615e-01 1.903269e-01 1.141961e-01 -5.586227e-01 
-1.492037e-02 4.966965e-04 -5.994896e-03 1.231365e-01 5.652620e-03 1.384550e-01 -1.245506e-01 -5.483874e-01 2.992861e-01 -4.186194e-03 7.828847e-04 -3.316158e-03 4.855055e-02 1.584455e-03 6.257964e-02 1.551689e-01 1.939611e-01 1.163767e-01 -5.793321e-01 
-1.533557e-02 5.780751e-04 -6.332825e-03 1.280338e-01 5.817676e-03 1.447966e-01 -1.088904e-01 -5.288121e-01 3.110313e-01 -4.115882e-03 8.450986e-04 -3.442584e-03 4.939090e-02 1.720297e-03 6.424869e-02 1.580264e-01 1.975331e-01 1.185198e-01 -5.999828e-01 
-1.574318e-02 6.657937e-04 -6.683436e-03 1.330138e-01 5.997355e-03 1.513042e-01 -9.294708e-02 -5.088829e-01 3.229888e-01 -4.034652e-03 9.096588e-04 -3.569746e-03 5.020348e-02 1.876745e-03 6.589957e-02 1.608314e-01 2.010393e-01 1.206236e-01 -6.205322e-01 
-1.614212e-02 7.600848e-04 -7.046791e-03 1.380735e-01 6.193762e-03 1.579757e-01 -7.672599e-02 -4.886066e-01 3.351546e-01 -3.942421e-03 9.765220e-04 -3.697368e-03 5.098712e-02 2.054715e-03 6.752789e-02 1.635810e-01 2.044762e-01 1.226857e-01 -6.409377e-01 
-1.653129e-02 8.611752e-04 -7.422918e-03 1.432102e-01 6.409074e-03 1.648089e-01 -6.023282e-02 -4.679901e-01 3.475245e-01 -3.839145e-03 1.045635e-03 -3.825162e-03 5.174071e-02 2.254964e-03 6.912920e-02 1.662725e-01 2.078406e-01 1.247044e-01 -6.611574e-01 
-1.690958e-02 9.692857e-04 -7.811820e-03 1.484206e-01 6.645534e-03 1.718005e-01 -4.347352e-02 -4.470410e-01 3.600939e-01 -3.724814e-03 1.116935e-03 -3.952831e-03 5.246324e-02 2.478097e-03 7.069892e-02 1.689032e-01 2.111290e-01 1.266774e-01 -6.811496e-01 
-1.727589e-02 1.084632e-03 -8.213469e-03 1.537017e-01 6.905457e-03 1.789474e-01 -2.645429e-02 -4.257669e-01 3.728584e-01 -3.599460e-03 1.190349e-03 -4.080063e-03 5.315381e-02 2.724562e-03 7.223239e-02 1.714706e-01 2.143383e-01 1.286030e-01 -7.008731e-01 
-1.762911e-02 1.207422e-03 -8.627806e-03 1.590503e-01 7.191209e-03 1.862456e-01 -9.181586e-03 -4.041761e-01 3.858129e-01 -3.463151e-03 1.265795e-03 -4.206540e-03 5.381158e-02 2.994643e-03 7.372486e-02 1.739722e-01 2.174652e-01 1.304791e-01 -7.202868e-01 
-1.796816e-02 1.337854e-03 -9.054740e-03 1.644630e-01 7.505143e-03 1.936909e-01 8.337870e-03 -3.822767e-01 3.989525e-01 -3.315997e-03 1.343179e-03 -4.331937e-03 5.443584e-02 3.288390e-03 7.517161e-02 1.764054e-01 2.205067e-01 1.323040e-01 -7.393511e-01 
-1.829196e-02 1.476118e-03 -9.494145e-03 1.699363e-01 7.849653e-03 2.012783e-01 2.609713e-02 -3.600777e-01 4.122719e-01 -3.158154e-03 1.422399e-03 -4.455917e-03 5.502596e-02 3.605650e-03 7.656786e-02 1.787678e-01 2.234598e-01 1.340759e-01 -7.580266e-01 
-1.859944e-02 1.622392e-03 -9.945865e-03 1.754670e-01 8.227072e-03 2.090026e-01 4.408899e-02 -3.375878e-01 4.257658e-01 -2.989814e-03 1.503341e-03 -4.578143e-03 5.558142e-02 3.946045e-03 7.790888e-02 1.810572e-01 2.263215e-01 1.357929e-01 -7.762752e-01 
-1.888957e-02 1.776842e-03 -1.040970e-02 1.810514e-01 8.639663e-03 2.168581e-01 6.230605e-02 -3.148165e-01 4.394286e-01 -2.811216e-03 1.585880e-03 -4.698274e-03 5.610176e-02 4.308958e-03 7.919005e-02 1.832712e-01 2.290890e-01 1.374534e-01 -7.940596e-01 
-1.916135e-02 1.939618e-03 -1.088544e-02 1.866861e-01 9.089613e-03 2.248385e-01 8.074065e-02 -2.917733e-01 4.532546e-01 -2.622639e-03 1.669882e-03 -4.815965e-03 5.658662e-02 4.693538e-03 8.040681e-02 1.854077e-01 2.317596e-01 1.390558e-01 -8.113434e-01 
-1.941378e-02 2.110861e-03 -1.137281e-02 1.923676e-01 9.579038e-03 2.329371e-01 9.938494e-02 -2.684679e-01 4.672378e-01 -2.424404e-03 1.755203e-03 -4.930868e-03 5.703573e-02 5.098698e-03 8.155472e-02 1.874646e-01 2.343307e-01 1.405984e-01 -8.280912e-01 
-1.964592e-02 2.290696e-03 -1.187151e-02 1.980921e-01 1.010996e-02 2.411470e-01 1.182308e-01 -2.449105e-01 4.813722e-01 -2.216873e-03 1.841688e-03 -5.042636e-03 5.744890e-02 5.523120e-03 8.262942e-02 1.894398e-01 2.367998e-01 1.420799e-01 -8.442686e-01 
-1.985686e-02 2.479231e-03 -1.238122e-02 2.038562e-01 1.068423e-02 2.494605e-01 1.372701e-01 -2.211114e-01 4.956517e-01 -2.000448e-03 1.929173e-03 -5.150923e-03 5.782600e-02 5.965244e-03 8.362679e-02 1.913314e-01 2.391643e-01 1.434986e-01 -8.598424e-01 
-2.004573e-02 2.676558e-03 -1.290156e-02 2.096561e-01 1.130353e-02 2.578696e-01 1.564943e-01 -1.970812e-01 5.100698e-01 -1.775575e-03 2.017485e-03 -5.255385e-03 5.816696e-02 6.423254e-03 8.454289e-02 1.931376e-01 2.414220e-01 1.448532e-01 -8.747801e-01 
-2.021171e-02 2.882750e-03 -1.343215e-02 2.154883e-01 1.196936e-02 2.663662e-01 1.758947e-01 -1.728307e-01 5.246201e-01 -1.542732e-03 2.106440e-03 -5.355685e-03 5.847179e-02 6.895138e-03 8.537402e-02 1.948564e-01 2.435706e-01 1.461423e-01 -8.890504e-01 
-2.035402e-02 3.097862e-03 -1.397255e-02 2.213493e-01 1.268298e-02 2.749415e-01 1.954626e-01 -1.483708e-01 5.392960e-01 -1.302435e-03 2.195849e-03 -5.451491e-03 5.874051e-02 7.378688e-03 8.611679e-02 1.964864e-01 2.456080e-01 1.473648e-01 -9.026228e-01 
-2.047196e-02 3.321929e-03 -1.452229e-02 2.272352e-01 1.344542e-02 2.835865e-01 2.151890e-01 -1.237129e-01 5.540908e-01 -1.055235e-03 2.285513e-03 -5.542480e-03 5.897320e-02 7.871497e-03 8.676809e-02 1.980257e-01 2.475322e-01 1.485193e-01 -9.154680e-01 
-2.056486e-02 3.554966e-03 -1.508088e-02 2.331427e-01 1.425749e-02 2.922919e-01 2.350647e-01 -9.886822e-02 5.689976e-01 -8.017140e-04 2.375226e-03 -5.628337e-03 5.916999e-02 8.370967e-03 8.732508e-02 1.994730e-01 2.493413e-01 1.496048e-01 -9.275574e-01 
-2.063212e-02 3.796968e-03 -1.564778e-02 2.390680e-01 1.511973e-02 3.010483e-01 2.550805e-01 -7.384850e-02 5.840094e-01 -5.424870e-04 2.464776e-03 -5.708756e-03 5.933101e-02 8.874358e-03 8.778529e-02 2.008268e-01 2.510335e-01 1.506201e-01 -9.388637e-01 
-2.067319e-02 4.047908e-03 -1.622244e-02 2.450077e-01 1.603239e-02 3.098458e-01 2.752269e-01 -4.866548e-02 5.991192e-01 -2.781967e-04 2.553942e-03 -5.783446e-03 5.945643e-02 9.378775e-03 8.814661e-02 2.020857e-01 2.526072e-01 1.515643e-01 -9.493601e-01 
-2.068761e-02 4.307736e-03 -1.680427e-02 2.509582e-01 1.699542e-02 3.186743e-01 2.954944e-01 -2.333108e-02 6.143199e-01 -9.513806e-06 2.642501e-03 -5.852128e-03 5.954642e-02 9.881193e-03 8.840729e-02 2.032486e-01 2.540607e-01 1.524364e-01 -9.590210e-01 
-2.067497e-02 4.576380e-03 -1.739265e-02 2.569158e-01 1.800846e-02 3.275238e-01 3.158734e-01 2.142613e-03 6.296041e-01 2.628740e-04 2.730224e-03 -5.914538e-03 5.960115e-02 1.037856e-02 8.856600e-02 2.043142e-01 2.553927e-01 1.532356e-01 -9.678219e-01 
-2.063493e-02 4.853746e-03 -1.798695e-02 2.628772e-01 1.907086e-02 3.363840e-01 3.363540e-01 2.774337e-02 6.449646e-01 5.382626e-04 2.816880e-03 -5.970436e-03 5.962079e-02 1.086779e-02 8.862185e-02 2.052815e-01 2.566018e-01 1.539611e-01 -9.757394e-01 
-2.056724e-02 5.139714e-03 -1.858651e-02 2.688388e-01 2.018165e-02 3.452446e-01 3.569263e-01 5.345885e-02 6.603938e-01 8.159313e-04 2.902236e-03 -6.019596e-03 5.960549e-02 1.134579e-02 8.857433e-02 2.061495e-01 2.576869e-01 1.546122e-01 -9.827510e-01 
-2.047170e-02 5.434142e-03 -1.919065e-02 2.747971e-01 2.133954e-02 3.540954e-01 3.775805e-01 7.927658e-02 6.758845e-01 1.095143e-03 2.986055e-03 -6.061810e-03 5.955541e-02 1.180941e-02 8.842336e-02 2.069175e-01 2.586469e-01 1.551881e-01 -9.888358e-01 
-2.034819e-02 5.736866e-03 -1.979864e-02 2.807487e-01 2.254296e-02 3.629260e-01 3.983065e-01 1.051840e-01 6.914289e-01 1.375149e-03 3.068099e-03 -6.096894e-03 5.947068e-02 1.225555e-02 8.816928e-02 2.075846e-01 2.594808e-01 1.556885e-01 -9.939738e-01 
-2.019666e-02 6.047695e-03 -2.040979e-02 2.866901e-01 2.379003e-02 3.717260e-01 4.190941e-01 1.311685e-01 7.070196e-01 1.655202e-03 3.148133e-03 -6.124687e-03 5.935142e-02 1.268122e-02 8.781286e-02 2.081502e-01 2.601878e-01 1.561127e-01 -9.981467e-01 
-2.001717e-02 6.366417e-03 -2.102334e-02 2.926179e-01 2.507849e-02 3.804853e-01 4.399331e-01 1.572173e-01 7.226489e-01 1.934540e-03 3.225918e-03 -6.145049e-03 5.919772e-02 1.308345e-02 8.735537e-02 2.086138e-01 2.607672e-01 1.564603e-01 -1.001337e+00 
-1.980980e-02 6.692794e-03 -2.163854e-02 2.985285e-01 2.640583e-02 3.891937e-01 4.608134e-01 1.833177e-01 7.383091e-01 2.212407e-03 3.301220e-03 -6.157869e-03 5.900963e-02 1.345945e-02 8.679846e-02 2.089748e-01 2.612185e-01 1.567311e-01 -1.003530e+00 
-1.957476e-02 7.026567e-03 -2.225464e-02 3.044187e-01 2.776933e-02 3.978415e-01 4.817247e-01 2.094567e-01 7.539926e-01 2.488058e-03 3.373811e-03 -6.163062e-03 5.878722e-02 1.380664e-02 8.614415e-02 2.092329e-01 2.615411e-01 1.569247e-01 -1.004713e+00 
-1.931230e-02 7.367456e-03 -2.287088e-02 3.102848e-01 2.916601e-02 4.064192e-01 5.026565e-01 2.356216e-01 7.696915e-01 2.760762e-03 3.443468e-03 -6.160571e-03 5.853052e-02 1.412262e-02 8.539487e-02 2.093878e-01 2.617348e-01 1.570409e-01 -1.004874e+00 
-1.902274e-02 7.715156e-03 -2.348649e-02 3.161236e-01 3.059268e-02 4.149173e-01 5.235988e-01 2.617994e-01 7.853982e-01 3.029796e-03 3.509973e-03 -6.150366e-03 5.823956e-02 1.440524e-02 8.455341e-02 2.094395e-01 2.617994e-01 1.570796e-01 -1.004005e+00 
-1.870648e-02 8.069341e-03 -2.410071e-02 3.219316e-01 3.204590e-02 4.233270e-01 5.445410e-01 2.879772e-01 8.011048e-01 3.294449e-03 3.573114e-03 -6.132446e-03 5.791436e-02 1.465252e-02 8.362295e-02 2.093878e-01 2.617348e-01 1.570409e-01 -1.002100e+00 
-1.836401e-02 8.429663e-03 -2.471274e-02 3.277053e-01 3.352202e-02 4.316392e-01 5.654729e-01 3.141420e-01 8.168038e-01 3.554022e-03 3.632685e-03 -6.106837e-03 5.755492e-02 1.486270e-02 8.260705e-02 2.092329e-01 2.615411e-01 1.569247e-01 -9.991552e-01 
-1.799586e-02 8.795756e-03 -2.532183e-02 3.334414e-01 3.501724e-02 4.398457e-01 5.863841e-01 3.402811e-01 8.324872e-01 3.807840e-03 3.688490e-03 -6.073593e-03 5.716125e-02 1.503430e-02 8.150954e-02 2.089748e-01 2.612185e-01 1.567311e-01 -9.951686e-01 
-1.760265e-02 9.167233e-03 -2.592721e-02 3.391365e-01 3.652766e-02 4.479386e-01 6.072644e-01 3.663814e-01 8.481474e-01 4.055261e-03 3.740345e-03 -6.032802e-03 5.673337e-02 1.516620e-02 8.033455e-02 2.086138e-01 2.607672e-01 1.564603e-01 -9.901429e-01 
-1.718504e-02 9.543688e-03 -2.652814e-02 3.447870e-01 3.804919e-02 4.559102e-01 6.281035e-01 3.924303e-01 8.637767e-01 4.295658e-03 3.788075e-03 -5.984584e-03 5.627132e-02 1.525755e-02 7.908655e-02 2.081502e-01 2.601878e-01 1.561127e-01 -9.840831e-01 
-1.674378e-02 9.924700e-03 -2.712388e-02 3.503896e-01 3.957774e-02 4.637536e-01 6.488911e-01 4.184148e-01 8.793674e-01 4.528444e-03 3.831516e-03 -5.929083e-03 5.577515e-02 1.530779e-02 7.777019e-02 2.075846e-01 2.594808e-01 1.556885e-01 -9.769979e-01 
-1.627964e-02 1.030984e-02 -2.771371e-02 3.559408e-01 4.110922e-02 4.714621e-01 6.696170e-01 4.443222e-01 8.949118e-01 4.753065e-03 3.870524e-03 -5.866472e-03 5.524499e-02 1.531668e-02 7.639022e-02 2.069175e-01 2.586469e-01 1.551881e-01 -9.688992e-01 
-1.579347e-02 1.069865e-02 -2.829693e-02 3.614374e-01 4.263955e-02 4.790296e-01 6.902712e-01 4.701399e-01 9.104025e-01 4.969003e-03 3.904966e-03 -5.796952e-03 5.468104e-02 1.528426e-02 7.495157e-02 2.061495e-01 2.576869e-01 1.546122e-01 -9.598024e-01 
-1.528615e-02 1.109067e-02 -2.887287e-02 3.668759e-01 4.416466e-02 4.864506e-01 7.108436e-01 4.958554e-01 9.258318e-01 5.175777e-03 3.934725e-03 -5.720750e-03 5.408352e-02 1.521089e-02 7.345932e-02 2.052815e-01 2.566018e-01 1.539611e-01 -9.497265e-01 
-1.475863e-02 1.148544e-02 -2.944088e-02 3.722530e-01 4.568046e-02 4.937199e-01 7.313242e-01 5.214562e-01 9.411922e-01 5.372941e-03 3.959698e-03 -5.638120e-03 5.345274e-02 1.509723e-02 7.191869e-02 2.043142e-01 2.553927e-01 1.532356e-01 -9.386940e-01 
-1.421189e-02 1.188246e-02 -3.000030e-02 3.775654e-01 4.718289e-02 5.008329e-01 7.517031e-01 5.469299e-01 9.564764e-01 5.560083e-03 3.979800e-03 -5.549344e-03 5.278905e-02 1.494424e-02 7.033505e-02 2.032486e-01 2.540607e-01 1.524364e-01 -9.267307e-01 
-1.364694e-02 1.228124e-02 -3.055056e-02 3.828098e-01 4.866810e-02 5.077856e-01 7.719707e-01 5.722643e-01 9.716771e-01 5.736840e-03 3.994961e-03 -5.454720e-03 5.209292e-02 1.475307e-02 6.871364e-02 2.020857e-01 2.526072e-01 1.515643e-01 -9.138655e-01 
-1.306486e-02 1.268129e-02 -3.109107e-02 3.879830e-01 5.013234e-02 5.145745e-01 7.921171e-01 5.974473e-01 9.867869e-01 5.902893e-03 4.005134e-03 -5.354577e-03 5.136492e-02 1.452527e-02 6.705981e-02 2.008268e-01 2.510335e-01 1.506201e-01 -9.001320e-01 
-1.246673e-02 1.308210e-02 -3.162130e-02 3.930817e-01 5.157200e-02 5.211967e-01 8.121329e-01 6.224670e-01 1.001799e+00 6.057964e-03 4.010288e-03 -5.249263e-03 5.060573e-02 1.426257e-02 6.537887e-02 1.994730e-01 2.493413e-01 1.496048e-01 -8.855666e-01 
-1.185366e-02 1.348317e-02 -3.214076e-02 3.981030e-01 5.298370e-02 5.276496e-01 8.320086e-01 6.473116e-01 1.016706e+00 6.201818e-03 4.010411e-03 -5.139138e-03 4.981614e-02 1.396690e-02 6.367599e-02 1.980257e-01 2.475322e-01 1.485193e-01 -8.702083e-01 
-1.122677e-02 1.388400e-02 -3.264897e-02 4.030439e-01 5.436427e-02 5.339314e-01 8.517349e-01 6.719696e-01 1.031500e+00 6.334262e-03 4.005512e-03 -5.024574e-03 4.899706e-02 1.364033e-02 6.195625e-02 1.964864e-01 2.456080e-01 1.473648e-01 -8.540988e-01 
-1.058720e-02 1.428410e-02 -3.314553e-02 4.079015e-01 5.571075e-02 5.400405e-01 8.713028e-01 6.964295e-01 1.046176e+00 6.455151e-03 3.995616e-03 -4.905957e-03 4.814953e-02 1.328511e-02 6.022457e-02 1.948564e-01 2.435706e-01 1.461423e-01 -8.372823e-01 
-9.936125e-03 1.468296e-02 -3.363004e-02 4.126729e-01 5.702042e-02 5.459761e-01 8.907033e-01 7.206800e-01 1.060727e+00 6.564377e-03 3.980772e-03 -4.783687e-03 4.727470e-02 1.290365e-02 5.848575e-02 1.931376e-01 2.414220e-01 1.448532e-01 -8.198058e-01 
-9.274705e-03 1.508010e-02 -3.410216e-02 4.173556e-01 5.829074e-02 5.517375e-01 9.099274e-01 7.447102e-01 1.075145e+00 6.661881e-03 3.961043e-03 -4.658174e-03 4.637386e-02 1.249852e-02 5.674450e-02 1.913314e-01 2.391643e-01 1.434986e-01 -8.017187e-01 
-8.604126e-03 1.547502e-02 -3.456159e-02 4.219469e-01 5.951944e-02 5.573250e-01 9.289667e-01 7.685093e-01 1.089424e+00 6.747639e-03 3.936513e-03 -4.529835e-03 4.544838e-02 1.207239e-02 5.500531e-02 1.894398e-01 2.367998e-01 1.420799e-01 -7.830723e-01 
-7.925552e-03 1.586725e-02 -3.500805e-02 4.264445e-01 6.070458e-02 5.627387e-01 9.478126e-01 7.920667e-01 1.103559e+00 6.821669e-03 3.907284e-03 -4.399082e-03 4.449978e-02 1.162790e-02 5.327239e-02 1.874646e-01 2.343307e-01 1.405984e-01 -7.639182e-01 
-7.240165e-03 1.625633e-02 -3.544133e-02 4.308462e-01 6.184448e-02 5.679796e-01 9.664569e-01 8.153720e-01 1.117542e+00 6.884041e-03 3.873480e-03 -4.266344e-03 4.352974e-02 1.116788e-02 5.154977e-02 1.854077e-01 2.317596e-01 1.390558e-01 -7.443116e-01 
-6.549130e-03 1.664180e-02 -3.586126e-02 4.351498e-01 6.293773e-02 5.730491e-01 9.848915e-01 8.384153e-01 1.131368e+00 6.934853e-03 3.835242e-03 -4.132042e-03 4.254004e-02 1.069511e-02 4.984123e-02 1.832712e-01 2.290890e-01 1.374534e-01 -7.243074e-01 
-5.853595e-03 1.702323e-02 -3.626771e-02 4.393536e-01 6.398321e-02 5.779486e-01 1.003109e+00 8.611866e-01 1.145030e+00 6.974240e-03 3.792721e-03 -3.996586e-03 4.153252e-02 1.021229e-02 4.815026e-02 1.810572e-01 2.263215e-01 1.357929e-01 -7.039605e-01 
-5.154688e-03 1.740019e-02 -3.666056e-02 4.434557e-01 6.498001e-02 5.826801e-01 1.021100e+00 8.836764e-01 1.158524e+00 7.002364e-03 3.746086e-03 -3.860379e-03 4.050908e-02 9.722081e-03 4.648011e-02 1.787678e-01 2.234598e-01 1.340759e-01 -6.833252e-01 
-4.453517e-03 1.777230e-02 -3.703978e-02 4.474548e-01 6.592752e-02 5.872457e-01 1.038860e+00 9.058755e-01 1.171844e+00 7.019420e-03 3.695515e-03 -3.723812e-03 3.947173e-02 9.227052e-03 4.483375e-02 1.764054e-01 2.205067e-01 1.323040e-01 -6.624558e-01 
-3.751174e-03 1.813917e-02 -3.740533e-02 4.513497e-01 6.682536e-02 5.916478e-01 1.056379e+00 9.277748e-01 1.184983e+00 7.025634e-03 3.641202e-03 -3.587269e-03 3.842250e-02 8.729717e-03 4.321389e-02 1.739722e-01 2.174652e-01 1.304791e-01 -6.414062e-01 
-3.048730e-03 1.850043e-02 -3.775724e-02 4.551391e-01 6.767344e-02 5.958893e-01 1.073652e+00 9.493657e-01 1.197938e+00 7.021265e-03 3.583354e-03 -3.451122e-03 3.736354e-02 8.232520e-03 4.162295e-02 1.714706e-01 2.143383e-01 1.286030e-01 -6.202300e-01 
-2.347241e-03 1.885574e-02 -3.809557e-02 4.588222e-01 6.847190e-02 5.999733e-01 1.090671e+00 9.706398e-01 1.210702e+00 7.006602e-03 3.522191e-03 -3.315736e-03 3.629704e-02 7.737841e-03 4.006311e-02 1.689032e-01 2.111290e-01 1.266774e-01 -5.989809e-01 
-1.647729e-03 1.920477e-02 -3.842042e-02 4.623983e-01 6.922111e-02 6.039029e-01 1.107430e+00 9.915889e-01 1.223272e+00 6.981955e-03 3.457940e-03 -3.181459e-03 3.522523e-02 7.247936e-03 3.853629e-02 1.662725e-01 2.078406e-01 1.247044e-01 -5.777107e-01 
-9.511665e-04 1.954723e-02 -3.873190e-02 4.658671e-01 6.992161e-02 6.076815e-01 1.123924e+00 1.012205e+00 1.235642e+00 6.947644e-03 3.390828e-03 -3.048609e-03 3.415026e-02 6.764805e-03 3.704412e-02 1.635810e-01 2.044762e-01 1.226857e-01 -5.564684e-01 
-2.585058e-04 1.988285e-02 -3.903018e-02 4.692283e-01 7.057425e-02 6.113128e-01 1.140145e+00 1.032482e+00 1.247808e+00 6.904026e-03 3.321102e-03 -2.917492e-03 3.307439e-02 6.290343e-03 3.558793e-02 1.608314e-01 2.010393e-01 1.206236e-01 -5.353024e-01 
4.293399e-04 2.021137e-02 -3.931546e-02 4.724820e-01 7.118002e-02 6.148004e-01 1.156088e+00 1.052411e+00 1.259765e+00 6.851468e-03 3.249005e-03 -2.788393e-03 3.199982e-02 5.826283e-03 3.416881e-02 1.580264e-01 1.975331e-01 1.185198e-01 -5.142588e-01 
1.111496e-03 2.053258e-02 -3.958795e-02 4.756284e-01 7.174001e-02 6.181480e-01 1.171748e+00 1.071986e+00 1.271510e+00 6.790346e-03 3.174781e-03 -2.661574e-03 3.092868e-02 5.374189e-03 3.278766e-02 1.551689e-01 1.939611e-01 1.163767e-01 -4.933813e-01 
1.787127e-03 2.084627e-02 -3.984788e-02 4.786680e-01 7.225547e-02 6.213594e-01 1.187120e+00 1.091201e+00 1.283039e+00 6.721043e-03 3.098673e-03 -2.537276e-03 2.986302e-02 4.935458e-03 3.144519e-02 1.522615e-01 1.903269e-01 1.141961e-01 -4.727115e-01 
2.455437e-03 2.115226e-02 -4.009552e-02 4.816013e-01 7.272775e-02 6.244385e-01 1.202199e+00 1.110050e+00 1.294348e+00 6.643952e-03 3.020921e-03 -2.415715e-03 2.880486e-02 4.511316e-03 3.014188e-02 1.493073e-01 1.866341e-01 1.119804e-01 -4.522884e-01 
3.115669e-03 2.145040e-02 -4.033114e-02 4.844293e-01 7.315833e-02 6.273892e-01 1.216980e+00 1.128526e+00 1.305434e+00 6.559474e-03 2.941767e-03 -2.297088e-03 2.775612e-02 4.102825e-03 2.887802e-02 1.463090e-01 1.828862e-01 1.097317e-01 -4.321488e-01 
3.767103e-03 2.174057e-02 -4.055504e-02 4.871529e-01 7.354882e-02 6.302154e-01 1.231459e+00 1.146625e+00 1.316294e+00 6.468019e-03 2.861449e-03 -2.181568e-03 2.671864e-02 3.710874e-03 2.765370e-02 1.432697e-01 1.790871e-01 1.074523e-01 -4.123270e-01 
4.409061e-03 2.202266e-02 -4.076754e-02 4.897734e-01 7.390096e-02 6.329211e-01 1.245633e+00 1.164342e+00 1.326924e+00 6.370005e-03 2.780205e-03 -2.069304e-03 2.569424e-02 3.336186e-03 2.646880e-02 1.401923e-01 1.752404e-01 1.051442e-01 -3.928550e-01 
5.040904e-03 2.229659e-02 -4.096900e-02 4.922922e-01 7.421656e-02 6.355103e-01 1.259497e+00 1.181672e+00 1.337322e+00 6.265854e-03 2.698268e-03 -1.960427e-03 2.468461e-02 2.979331e-03 2.532303e-02 1.370799e-01 1.713499e-01 1.028100e-01 -3.737624e-01 
5.662037e-03 2.256229e-02 -4.115973e-02 4.947108e-01 7.449736e-02 6.379869e-01 1.273048e+00 1.198611e+00 1.347485e+00 6.155974e-03 2.615857e-03 -1.855045e-03 2.369128e-02 2.640760e-03 2.421607e-02 1.339356e-01 1.674195e-01 1.004517e-01 -3.550763e-01 
6.271915e-03 2.281974e-02 -4.134011e-02 4.970310e-01 7.474524e-02 6.403548e-01 1.286283e+00 1.215154e+00 1.357411e+00 6.040781e-03 2.533186e-03 -1.753238e-03 2.271566e-02 2.320696e-03 2.314736e-02 1.307625e-01 1.634531e-01 9.807187e-02 -3.368203e-01 
6.870027e-03 2.306892e-02 -4.151049e-02 4.992545e-01 7.496209e-02 6.426176e-01 1.299199e+00 1.231300e+00 1.367099e+00 5.920687e-03 2.450461e-03 -1.655065e-03 2.175906e-02 2.019244e-03 2.211625e-02 1.275637e-01 1.594546e-01 9.567275e-02 -3.190161e-01 
7.455906e-03 2.330984e-02 -4.167125e-02 5.013835e-01 7.514976e-02 6.447793e-01 1.311795e+00 1.247044e+00 1.376545e+00 5.796097e-03 2.367878e-03 -1.560573e-03 2.082265e-02 1.736420e-03 2.112202e-02 1.243423e-01 1.554279e-01 9.325671e-02 -3.016829e-01 
8.029118e-03 2.354252e-02 -4.182275e-02 5.034199e-01 7.531009e-02 6.468433e-01 1.324067e+00 1.262385e+00 1.385749e+00 5.667406e-03 2.285620e-03 -1.469787e-03 1.990746e-02 1.472138e-03 2.016389e-02 1.211015e-01 1.513769e-01 9.082615e-02 -2.848381e-01 
8.589273e-03 2.376700e-02 -4.196535e-02 5.053659e-01 7.544492e-02 6.488133e-01 1.336015e+00 1.277319e+00 1.394710e+00 5.535005e-03 2.203859e-03 -1.382720e-03 1.901442e-02 1.226221e-03 1.924104e-02 1.178446e-01 1.473058e-01 8.838347e-02 -2.684964e-01 
9.136015e-03 2.398333e-02 -4.209943e-02 5.072237e-01 7.555603e-02 6.506927e-01 1.347636e+00 1.291845e+00 1.403426e+00 5.399274e-03 2.122759e-03 -1.299365e-03 1.814431e-02 9.983945e-04 1.835256e-02 1.145748e-01 1.432184e-01 8.593107e-02 -2.526705e-01 
9.669030e-03 2.419158e-02 -4.222535e-02 5.089956e-01 7.564520e-02 6.524849e-01 1.358929e+00 1.305962e+00 1.411896e+00 5.260587e-03 2.042469e-03 -1.219701e-03 1.729779e-02 7.882886e-04 1.749751e-02 1.112952e-01 1.391190e-01 8.347137e-02 -2.373710e-01 
1.018804e-02 2.439185e-02 -4.234349e-02 5.106839e-01 7.571420e-02 6.541932e-01 1.369894e+00 1.319669e+00 1.420120e+00 5.119310e-03 1.963129e-03 -1.143688e-03 1.647540e-02 5.954381e-04 1.667488e-02 1.080091e-01 1.350114e-01 8.100681e-02 -2.226060e-01 
1.069281e-02 2.458423e-02 -4.245420e-02 5.122913e-01 7.576476e-02 6.558209e-01 1.380531e+00 1.332965e+00 1.428097e+00 4.975802e-03 1.884869e-03 -1.071271e-03 1.567753e-02 4.192819e-04 1.588358e-02 1.047198e-01 1.308997e-01 7.853982e-02 -2.083816e-01 
1.118313e-02 2.476885e-02 -4.255785e-02 5.138202e-01 7.579855e-02 6.573710e-01 1.390838e+00 1.345849e+00 1.435828e+00 4.830410e-03 1.807805e-03 -1.002388e-03 1.490450e-02 2.592329e-04 1.512257e-02 1.014304e-01 1.267880e-01 7.607282e-02 -1.947022e-01 
1.165883e-02 2.494583e-02 -4.265479e-02 5.152730e-01 7.581712e-02 6.588464e-01 1.400817e+00 1.358322e+00 1.443312e+00 4.683465e-03 1.732042e-03 -9.369698e-04 1.415650e-02 1.147054e-04 1.439084e-02 9.814435e-02 1.226804e-01 7.360826e-02 -1.815708e-01 
1.211977e-02 2.511530e-02 -4.274535e-02 5.166523e-01 7.582198e-02 6.602501e-01 1.410467e+00 1.370385e+00 1.450550e+00 4.535291e-03 1.657669e-03 -8.749280e-04 1.343356e-02 -1.499553e-05 1.368730e-02 9.486476e-02 1.185809e-01 7.114857e-02 -1.689879e-01 
1.256586e-02 2.527741e-02 -4.282988e-02 5.179605e-01 7.581459e-02 6.615848e-01 1.419790e+00 1.382039e+00 1.457542e+00 4.386199e-03 1.584767e-03 -8.161700e-04 1.273564e-02 -1.305703e-04 1.301091e-02 9.159489e-02 1.144936e-01 6.869617e-02 -1.569526e-01 
1.299700e-02 2.543231e-02 -4.290869e-02 5.192003e-01 7.579632e-02 6.628531e-01 1.428787e+00 1.393285e+00 1.464289e+00 4.236490e-03 1.513407e-03 -7.605993e-04 1.206263e-02 -2.327233e-04 1.236064e-02 8.833798e-02 1.104225e-01 6.625348e-02 -1.454628e-01 
1.341316e-02 2.558015e-02 -4.298211e-02 5.203740e-01 7.576847e-02 6.640577e-01 1.437458e+00 1.404124e+00 1.470793e+00 4.086454e-03 1.443650e-03 -7.081154e-04 1.141434e-02 -3.221632e-04 1.173551e-02 8.509723e-02 1.063715e-01 6.382292e-02 -1.345150e-01 
1.381431e-02 2.572111e-02 -4.305042e-02 5.214841e-01 7.573229e-02 6.652010e-01 1.445807e+00 1.414560e+00 1.477054e+00 3.936370e-03 1.375550e-03 -6.586138e-04 1.079052e-02 -3.996022e-04 1.113454e-02 8.187585e-02 1.023448e-01 6.140689e-02 -1.241044e-01 
1.420045e-02 2.585533e-02 -4.311393e-02 5.225330e-01 7.568893e-02 6.662854e-01 1.453834e+00 1.424594e+00 1.483075e+00 3.786507e-03 1.309149e-03 -6.119860e-04 1.019085e-02 -4.657568e-04 1.055679e-02 7.867701e-02 9.834626e-02 5.900776e-02 -1.142251e-01 
1.457163e-02 2.598300e-02 -4.317291e-02 5.235231e-01 7.563949e-02 6.673131e-01 1.461543e+00 1.434230e+00 1.488857e+00 3.637123e-03 1.244483e-03 -5.681197e-04 9.614944e-03 -5.213474e-04 1.000135e-02 7.550387e-02 9.437984e-02 5.662791e-02 -1.048697e-01 
1.492789e-02 2.610428e-02 -4.322764e-02 5.244567e-01 7.558499e-02 6.682864e-01 1.468936e+00 1.443471e+00 1.494401e+00 3.488464e-03 1.181575e-03 -5.268982e-04 9.062329e-03 -5.670985e-04 9.467324e-03 7.235957e-02 9.044946e-02 5.426968e-02 -9.602959e-02 
1.526934e-02 2.621936e-02 -4.327837e-02 5.253362e-01 7.552637e-02 6.692073e-01 1.476016e+00 1.452321e+00 1.499711e+00 3.340766e-03 1.120442e-03 -4.882014e-04 8.532475e-03 -6.037385e-04 8.953851e-03 6.924720e-02 8.655900e-02 5.193540e-02 -8.769475e-02 
1.559608e-02 2.632842e-02 -4.332536e-02 5.261639e-01 7.546453e-02 6.700778e-01 1.482787e+00 1.460784e+00 1.504789e+00 3.194256e-03 1.061092e-03 -4.519085e-04 8.024814e-03 -6.319847e-04 8.460103e-03 6.616984e-02 8.271230e-02 4.962738e-02 -7.985440e-02 
1.590823e-02 2.643164e-02 -4.336884e-02 5.269419e-01 7.540027e-02 6.709000e-01 1.489251e+00 1.468865e+00 1.509638e+00 3.049153e-03 1.003538e-03 -4.179086e-04 7.538830e-03 -6.524916e-04 7.985319e-03 6.313053e-02 7.891316e-02 4.734789e-02 -7.249772e-02 
1.620595e-02 2.652918e-02 -4.340902e-02 5.276724e-01 7.533432e-02 6.716756e-01 1.495414e+00 1.476569e+00 1.514260e+00 2.905664e-03 9.477731e-04 -3.860837e-04 7.073875e-03 -6.659183e-04 7.528775e-03 6.013225e-02 7.516531e-02 4.509919e-02 -6.561173e-02 
1.648941e-02 2.662125e-02 -4.344613e-02 5.283574e-01 7.526734e-02 6.724064e-01 1.501279e+00 1.483900e+00 1.518659e+00 2.763984e-03 8.937888e-04 -3.563181e-04 6.629301e-03 -6.729020e-04 7.089788e-03 5.717798e-02 7.147248e-02 4.288349e-02 -5.918286e-02 
1.675881e-02 2.670800e-02 -4.348035e-02 5.289989e-01 7.519994e-02 6.730941e-01 1.506851e+00 1.490865e+00 1.522838e+00 2.624305e-03 8.415747e-04 -3.284996e-04 6.204465e-03 -6.740540e-04 6.667712e-03 5.427063e-02 6.783829e-02 4.070297e-02 -5.319710e-02 
1.701435e-02 2.678962e-02 -4.351188e-02 5.295989e-01 7.513266e-02 6.737404e-01 1.512135e+00 1.497470e+00 1.526800e+00 2.486808e-03 7.911183e-04 -3.025197e-04 5.798732e-03 -6.699598e-04 6.261941e-03 5.141306e-02 6.426633e-02 3.855980e-02 -4.764000e-02 
1.725627e-02 2.686629e-02 -4.354090e-02 5.301592e-01 7.506603e-02 6.743469e-01 1.517136e+00 1.503721e+00 1.530551e+00 2.351669e-03 7.424052e-04 -2.782735e-04 5.411475e-03 -6.611792e-04 5.871906e-03 4.860810e-02 6.076013e-02 3.645608e-02 -4.249665e-02 
1.748479e-02 2.693817e-02 -4.356758e-02 5.306818e-01 7.500049e-02 6.749152e-01 1.521859e+00 1.509624e+00 1.534093e+00 2.219057e-03 6.954193e-04 -2.556596e-04 5.042073e-03 -6.482461e-04 5.497077e-03 4.585852e-02 5.732315e-02 3.439389e-02 -3.775171e-02 
1.770019e-02 2.700543e-02 -4.359207e-02 5.311682e-01 7.493643e-02 6.754467e-01 1.526309e+00 1.515188e+00 1.537431e+00 2.089133e-03 6.501423e-04 -2.345801e-04 4.689916e-03 -6.316683e-04 5.136964e-03 4.316703e-02 5.395878e-02 3.237527e-02 -3.338938e-02 
1.790273e-02 2.706825e-02 -4.361454e-02 5.316203e-01 7.487422e-02 6.759430e-01 1.530494e+00 1.520418e+00 1.540570e+00 1.962050e-03 6.065543e-04 -2.149409e-04 4.354397e-03 -6.119281e-04 4.791114e-03 4.053628e-02 5.067035e-02 3.040221e-02 -2.939343e-02 
1.809270e-02 2.712680e-02 -4.363511e-02 5.320396e-01 7.481414e-02 6.764054e-01 1.534419e+00 1.525324e+00 1.543513e+00 1.837957e-03 5.646331e-04 -1.966512e-04 4.034922e-03 -5.894819e-04 4.459114e-03 3.796887e-02 4.746109e-02 2.847665e-02 -2.574718e-02 
1.827041e-02 2.718123e-02 -4.365392e-02 5.324278e-01 7.475644e-02 6.768353e-01 1.538090e+00 1.529913e+00 1.546267e+00 1.716991e-03 5.243549e-04 -1.796241e-04 3.730900e-03 -5.647601e-04 4.140590e-03 3.546734e-02 4.433417e-02 2.660050e-02 -2.243350e-02 
1.843619e-02 2.723172e-02 -4.367108e-02 5.327863e-01 7.470131e-02 6.772340e-01 1.541515e+00 1.534194e+00 1.548835e+00 1.599287e-03 4.856940e-04 -1.637759e-04 3.441749e-03 -5.381675e-04 3.835204e-03 3.303415e-02 4.129269e-02 2.477561e-02 -1.943481e-02 
1.859037e-02 2.727842e-02 -4.368672e-02 5.331166e-01 7.464890e-02 6.776028e-01 1.544699e+00 1.538175e+00 1.551223e+00 1.484969e-03 4.486231e-04 -1.490270e-04 3.166901e-03 -5.100830e-04 3.542657e-03 3.067171e-02 3.833963e-02 2.300378e-02 -1.673320e-02 
1.873329e-02 2.732150e-02 -4.370092e-02 5.334202e-01 7.459935e-02 6.779430e-01 1.547651e+00 1.541865e+00 1.553438e+00 1.374162e-03 4.131225e-04 -1.353053e-04 2.905864e-03 -4.808629e-04 3.262666e-03 2.838234e-02 3.547792e-02 2.128675e-02 -1.431168e-02 
1.886532e-02 2.736110e-02 -4.371381e-02 5.336983e-01 7.455277e-02 6.782558e-01 1.550378e+00 1.545274e+00 1.555483e+00 1.266983e-03 3.791722e-04 -1.225435e-04 2.658173e-03 -4.508345e-04 2.994986e-03 2.616831e-02 3.271038e-02 1.962623e-02 -1.215284e-02 
1.898681e-02 2.739738e-02 -4.372546e-02 5.339522e-01 7.450921e-02 6.785424e-01 1.552888e+00 1.548410e+00 1.557365e+00 1.163545e-03 3.467518e-04 -1.106781e-04 2.423378e-03 -4.203024e-04 2.739404e-03 2.403180e-02 3.003975e-02 1.802385e-02 -1.023915e-02 
1.909816e-02 2.743050e-02 -4.373597e-02 5.341833e-01 7.446871e-02 6.788041e-01 1.555187e+00 1.551285e+00 1.559089e+00 1.063954e-03 3.158425e-04 -9.964998e-05 2.201063e-03 -3.895510e-04 2.495731e-03 2.197492e-02 2.746864e-02 1.648119e-02 -8.553393e-03 
1.919974e-02 2.746060e-02 -4.374542e-02 5.343928e-01 7.443128e-02 6.790419e-01 1.557285e+00 1.553907e+00 1.560663e+00 9.683120e-04 2.864274e-04 -8.940459e-05 1.990844e-03 -3.588439e-04 2.263799e-03 1.999969e-02 2.499962e-02 1.499977e-02 -7.078636e-03 
1.929196e-02 2.748783e-02 -4.375387e-02 5.345819e-01 7.439691e-02 6.792572e-01 1.559190e+00 1.556288e+00 1.562092e+00 8.767164e-04 2.584909e-04 -7.989169e-05 1.792369e-03 -3.284244e-04 2.043466e-03 1.810808e-02 2.263510e-02 1.358106e-02 -5.798252e-03 
1.937522e-02 2.751235e-02 -4.376142e-02 5.347517e-01 7.436557e-02 6.794510e-01 1.560910e+00 1.558438e+00 1.563381e+00 7.892596e-04 2.320194e-04 -7.106549e-05 1.605320e-03 -2.985150e-04 1.834611e-03 1.630194e-02 2.037743e-02 1.222646e-02 -4.695906e-03 
1.944995e-02 2.753429e-02 -4.376811e-02 5.349033e-01 7.433719e-02 6.796245e-01 1.562453e+00 1.560367e+00 1.564539e+00 7.060290e-04 2.070008e-04 -6.288464e-05 1.429410e-03 -2.693179e-04 1.637139e-03 1.458306e-02 1.822883e-02 1.093730e-02 -3.755559e-03 
1.951657e-02 2.755380e-02 -4.377402e-02 5.350379e-01 7.431169e-02 6.797788e-01 1.563829e+00 1.562088e+00 1.565571e+00 6.271073e-04 1.834247e-04 -5.531221e-05 1.264383e-03 -2.410147e-04 1.450977e-03 1.295313e-02 1.619142e-02 9.714851e-03 -2.961469e-03 
1.957552e-02 2.757102e-02 -4.377919e-02 5.351566e-01 7.428896e-02 6.799151e-01 1.565047e+00 1.563609e+00 1.566484e+00 5.525724e-04 1.612824e-04 -4.831527e-05 1.110016e-03 -2.137686e-04 1.276069e-03 1.141377e-02 1.426721e-02 8.560328e-03 -2.298349e-03 
1.962723e-02 2.758610e-02 -4.378370e-02 5.352603e-01 7.426890e-02 6.800344e-01 1.566115e+00 1.564945e+00 1.567285e+00 4.824979e-04 1.405670e-04 -4.186402e-05 9.661109e-04 -1.877314e-04 1.112369e-03 9.966488e-03 1.245811e-02 7.474866e-03 -1.751869e-03 
1.967216e-02 2.759918e-02 -4.378759e-02 5.353501e-01 7.425138e-02 6.801379e-01 1.567043e+00 1.566105e+00 1.567982e+00 4.169530e-04 1.212745e-04 -3.593393e-05 8.325142e-04 -1.630318e-04 9.598556e-04 8.612715e-03 1.076589e-02 6.459537e-03 -1.307937e-03 
1.971077e-02 2.761040e-02 -4.379090e-02 5.354271e-01 7.423625e-02 6.802268e-01 1.567841e+00 1.567102e+00 1.568580e+00 3.560021e-04 1.034019e-04 -3.050344e-05 7.090928e-04 -1.397856e-04 8.185193e-04 7.353789e-03 9.192237e-03 5.515342e-03 -9.532403e-04 
1.974352e-02 2.761991e-02 -4.379370e-02 5.354923e-01 7.422336e-02 6.803020e-01 1.568517e+00 1.567947e+00 1.569087e+00 2.997049e-04 8.694744e-05 -2.555373e-05 5.957352e-04 -1.180958e-04 6.883573e-04 6.190951e-03 7.738689e-03 4.643214e-03 -6.753153e-04 
1.977088e-02 2.762784e-02 -4.379603e-02 5.355466e-01 7.421256e-02 6.803648e-01 1.569082e+00 1.568654e+00 1.569511e+00 2.481167e-04 7.191037e-05 -2.106872e-05 4.923504e-04 -9.805318e-05 5.693750e-04 5.125350e-03 6.406687e-03 3.844012e-03 -4.625475e-04 
1.979331e-02 2.763434e-02 -4.379793e-02 5.355911e-01 7.420368e-02 6.804162e-01 1.569546e+00 1.569233e+00 1.569858e+00 2.012877e-04 5.829115e-05 -1.703505e-05 3.988683e-04 -7.973615e-05 4.615856e-04 4.158036e-03 5.197544e-03 3.118527e-03 -3.041719e-04 
1.981130e-02 2.763954e-02 -4.379945e-02 5.356267e-01 7.419655e-02 6.804575e-01 1.569917e+00 1.569697e+00 1.570137e+00 1.592640e-04 4.609135e-05 -1.344212e-05 3.152396e-04 -6.321071e-05 3.650104e-04 3.289964e-03 4.112455e-03 2.467473e-03 -1.902723e-04 
1.982532e-02 2.764360e-02 -4.380063e-02 5.356544e-01 7.419098e-02 6.804896e-01 1.570207e+00 1.570060e+00 1.570354e+00 1.220866e-04 3.531364e-05 -1.028207e-05 2.414357e-04 -4.853046e-05 2.796785e-04 2.521991e-03 3.152488e-03 1.891493e-03 -1.117819e-04 
1.983587e-02 2.764666e-02 -4.380152e-02 5.356753e-01 7.418679e-02 6.805138e-01 1.570425e+00 1.570332e+00 1.570518e+00 8.979202e-05 2.596185e-05 -7.549774e-06 1.774488e-04 -3.573661e-05 2.056269e-04 1.854875e-03 2.318593e-03 1.391156e-03 -6.048299e-05 
1.984344e-02 2.764884e-02 -4.380216e-02 5.356903e-01 7.418378e-02 6.805311e-01 1.570581e+00 1.570528e+00 1.570635e+00 6.241204e-05 1.804005e-05 -5.241708e-06 1.232812e-04 -2.486193e-05 1.428932e-04 1.289274e-03 1.611592e-03 9.669555e-04 -2.918255e-05 
1.984852e-02 2.765031e-02 -4.380258e-02 5.357003e-01 7.418175e-02 6.805428e-01 1.570686e+00 1.570659e+00 1.570714e+00 3.997344e-05 1.155168e-05 -3.354784e-06 7.893413e-05 -1.593479e-05 9.150761e-05 8.257465e-04 1.032183e-03 6.193099e-04 -1.192785e-05 
1.985160e-02 2.765120e-02 -4.380284e-02 5.357064e-01 7.418052e-02 6.805498e-01 1.570750e+00 1.570738e+00 1.570761e+00 2.249829e-05 6.500564e-06 -1.887727e-06 4.442078e-05 -8.974227e-06 5.150277e-05 4.647500e-04 5.809375e-04 3.485625e-04 -3.720338e-06 
1.985319e-02 2.765166e-02 -4.380297e-02 5.357095e-01 7.417989e-02 6.805534e-01 1.570783e+00 1.570779e+00 1.570786e+00 1.000373e-05 2.889889e-06 -8.397957e-07 1.975382e-05 -3.994225e-06 2.290545e-05 2.066405e-04 2.583006e-04 1.549804e-04 -6.619274e-07 
1.985377e-02 2.765183e-02 -4.380302e-02 5.357107e-01 7.417966e-02 6.805548e-01 1.570795e+00 1.570794e+00 1.570795e+00 2.502066e-06 7.221770e-07 -2.107688e-07 4.945317e-06 -1.003782e-06 5.736593e-06 5.167288e-05 6.459110e-05 3.875466e-05 4.249435e-08 
1.985385e-02 2.765185e-02 -4.380303e-02 5.357108e-01 7.417962e-02 6.805550e-01 1.570796e+00 1.570796e+00 1.570796e+00 6.809643e-10 -7.002692e-10 -9.413302e-10 6.707214e-09 -6.907243e-09 1.126777e-08 0.000000e+00 0.000000e+00 0.000000e+00 8.509102e-08 
