0.000000e+000
1.000000e-001
2.000000e-001
3.000000e-001
4.000000e-001
5.000000e-001
6.000000e-001
7.000000e-001
8.000000e-001
9.000000e-001
1.000000e+000
1.100000e+000
1.200000e+000
1.300000e+000
1.400000e+000
1.500000e+000
1.600000e+000
1.700000e+000
1.800000e+000
1.900000e+000
2.000000e+000
2.100000e+000
2.200000e+000
2.300000e+000
2.400000e+000
2.500000e+000
2.600000e+000
2.700000e+000
2.800000e+000
2.900000e+000
3.000000e+000
3.100000e+000
3.200000e+000
3.300000e+000
3.400000e+000
3.500000e+000
3.600000e+000
3.700000e+000
3.800000e+000
3.900000e+000
4.000000e+000
4.100000e+000
4.200000e+000
4.300000e+000
4.400000e+000
4.500000e+000
4.600000e+000
4.700000e+000
4.800000e+000
4.900000e+000
5.000000e+000
5.100000e+000
5.200000e+000
5.300000e+000
5.400000e+000
5.500000e+000
5.600000e+000
5.700000e+000
5.800000e+000
5.900000e+000
6.000000e+000
6.100000e+000
6.200000e+000
6.300000e+000
6.400000e+000
6.500000e+000
6.600000e+000
6.700000e+000
6.800000e+000
6.900000e+000
7.000000e+000
7.100000e+000
7.200000e+000
7.300000e+000
7.400000e+000
7.500000e+000
7.600000e+000
7.700000e+000
7.800000e+000
7.900000e+000
8.000000e+000
8.100000e+000
8.200000e+000
8.300000e+000
8.400000e+000
8.500000e+000
8.600000e+000
8.700000e+000
8.800000e+000
8.900000e+000
9.000000e+000
9.100000e+000
9.200000e+000
9.300000e+000
9.400000e+000
9.500000e+000
9.600000e+000
9.700000e+000
9.800000e+000
9.900000e+000
1.000000e+001
1.010000e+001
1.020000e+001
1.030000e+001
1.040000e+001
1.050000e+001
1.060000e+001
1.070000e+001
1.080000e+001
1.090000e+001
1.100000e+001
1.110000e+001
1.120000e+001
1.130000e+001
1.140000e+001
1.150000e+001
1.160000e+001
1.170000e+001
1.180000e+001
1.190000e+001
1.200000e+001
1.210000e+001
1.220000e+001
1.230000e+001
1.240000e+001
1.250000e+001
1.260000e+001
1.270000e+001
1.280000e+001
1.290000e+001
1.300000e+001
1.310000e+001
1.320000e+001
1.330000e+001
1.340000e+001
1.350000e+001
1.360000e+001
1.370000e+001
1.380000e+001
1.390000e+001
1.400000e+001
1.410000e+001
1.420000e+001
1.430000e+001
1.440000e+001
1.450000e+001
1.460000e+001
1.470000e+001
1.480000e+001
1.490000e+001
1.500000e+001
1.510000e+001
1.520000e+001
1.530000e+001
1.540000e+001
1.550000e+001
1.560000e+001
1.570000e+001
1.580000e+001
1.590000e+001
1.600000e+001
1.610000e+001
1.620000e+001
1.630000e+001
1.640000e+001
1.650000e+001
1.660000e+001
1.670000e+001
1.680000e+001
1.690000e+001
1.700000e+001
1.710000e+001
1.720000e+001
1.730000e+001
1.740000e+001
1.750000e+001
1.760000e+001
1.770000e+001
1.780000e+001
1.790000e+001
1.800000e+001
1.810000e+001
1.820000e+001
1.830000e+001
1.840000e+001
1.850000e+001
1.860000e+001
1.870000e+001
1.880000e+001
1.890000e+001
1.900000e+001
1.910000e+001
1.920000e+001
1.930000e+001
1.940000e+001
1.950000e+001
1.960000e+001
1.970000e+001
1.980000e+001
1.990000e+001
2.000000e+001
